Wave   ;Sample   ;Dark     ;Reference;Absolute Irradiance  ;Photon Counts
 199,97;    9,473;    9,002;    0,000; 0,00000; 0,00000
 200,75;   12,304;    7,002;    0,000; 9,49142; 0,15925
 201,54;   12,206;   11,002;    0,000; 2,00658; 0,03380
 202,32;   11,286;   10,002;    0,000; 2,00092; 0,03384
 203,11;   15,117;    9,002;    0,000; 8,95219; 0,15197
 203,89;   13,054;   10,002;    0,000; 4,19412; 0,07147
 204,68;   13,135;   10,002;    0,000; 4,05902; 0,06944
 205,46;   14,814;   11,002;    0,000; 4,62816; 0,07948
 206,25;    8,823;   10,002;    0,000;-1,34782;-0,02323
 207,03;    9,805;    8,002;    0,000; 1,94941; 0,03373
 207,82;   12,707;    9,002;    0,000; 3,78096; 0,06567
 208,60;   11,609;    7,002;    0,000; 4,44922; 0,07757
 209,39;   12,582;    6,002;    0,000; 6,03589; 0,10563
 210,17;   12,324;    8,002;    0,000; 3,75833; 0,06602
 210,95;   13,333;   11,002;    0,000; 1,92446; 0,03393
 211,74;    7,191;    8,002;    0,000;-0,63432;-0,01123
 212,52;   10,173;    7,002;    0,000; 2,35536; 0,04184
 213,31;    9,995;    9,003;    0,000; 0,69945; 0,01247
 214,09;   13,959;    8,003;    0,000; 3,99199; 0,07143
 214,88;    9,816;   10,003;    0,000;-0,11830;-0,00212
 215,66;   11,772;   10,003;    0,000; 1,07200; 0,01932
 216,44;    9,621;    7,003;    0,000; 1,51131; 0,02734
 217,23;   11,629;    8,003;    0,000; 1,98918; 0,03611
 218,01;   12,273;    9,003;    0,000; 1,70873; 0,03114
 218,80;    9,362;    8,003;    0,000; 0,67809; 0,01240
 219,58;   11,327;    5,003;    0,000; 3,00299; 0,05511
 220,37;   11,140;   10,003;    0,000; 0,51533; 0,00949
 221,15;   10,051;   10,003;    0,000; 0,02041; 0,00038
 221,93;    9,855;   10,003;    0,000;-0,06098;-0,00113
 222,72;   12,632;    9,003;    0,000; 1,41476; 0,02633
 223,50;   14,712;    6,003;    0,000; 3,23154; 0,06036
 224,28;   11,552;    9,003;    0,000; 0,89955; 0,01686
 225,07;   10,436;    7,003;    0,000; 1,14977; 0,02163
 225,85;   12,302;    7,003;    0,000; 1,68849; 0,03187
 226,64;   12,276;    6,003;    0,000; 1,89690; 0,03593
 227,42;   11,133;   12,004;    0,000;-0,24995;-0,00475
 228,20;    8,973;    7,004;    0,000; 0,53677; 0,01024
 228,99;   14,008;    8,004;    0,000; 1,55375; 0,02974
 229,77;   10,848;    6,004;    0,000; 1,18790; 0,02281
 230,55;   11,750;    8,004;    0,000; 0,87724; 0,01690
 231,34;   10,634;    7,004;    0,000; 0,80980; 0,01566
 232,12;   10,572;    7,004;    0,000; 0,76065; 0,01476
 232,90;   13,447;    8,004;    0,000; 1,11269; 0,02166
 233,69;   13,349;    6,004;    0,000; 1,44193; 0,02816
 234,47;   14,278;    7,004;    0,000; 1,37392; 0,02692
 235,25;   15,073;    7,004;    0,000; 1,47220; 0,02895
 236,04;   13,913;    7,004;    0,000; 1,21959; 0,02406
 236,82;   11,842;    6,004;    0,000; 1,00028; 0,01980
 237,60;   12,583;    7,004;    0,000; 0,92912; 0,01845
 238,39;   13,396;    8,004;    0,000; 0,87841; 0,01750
 239,17;   14,325;    8,004;    0,000; 1,00797; 0,02015
 239,95;   14,942;    9,005;    0,000; 0,92889; 0,01863
 240,74;   13,577;    8,005;    0,000; 0,86118; 0,01733
 241,52;   14,016;    9,005;    0,000; 0,76531; 0,01545
 242,30;   17,339;    6,005;    0,000; 1,71231; 0,03468
 243,08;   12,600;    7,006;    0,000; 0,83683; 0,01700
 243,87;   15,244;    7,006;    0,000; 1,22103; 0,02489
 244,65;   19,244;    6,006;    0,000; 1,93926; 0,03965
 245,43;   14,814;    9,006;    0,000; 0,84024; 0,01724
 246,22;   14,464;    8,005;    0,000; 0,92364; 0,01901
 247,00;   11,909;   13,005;    0,000;-0,15454;-0,00319
 247,78;   16,069;    8,005;    0,000; 1,12104; 0,02322
 248,56;   12,007;    9,005;    0,000; 0,40867; 0,00849
 249,35;   14,016;    8,005;    0,000; 0,80092; 0,01669
 250,13;   16,873;   11,005;    0,000; 0,76444; 0,01598
 250,91;   16,989;    8,005;    0,000; 1,14166; 0,02394
 251,69;   18,793;    6,005;    0,000; 1,58064; 0,03325
 252,48;   14,775;   12,005;    0,000; 0,33308; 0,00703
 253,26;   17,731;    8,005;    0,000; 1,13888; 0,02411
 254,04;   12,686;   11,005;    0,000; 0,19114; 0,00406
 254,82;   16,535;   11,005;    0,000; 0,61178; 0,01303
 255,61;   16,508;   10,005;    0,000; 0,70286; 0,01502
 256,39;   17,473;    9,005;    0,000; 0,89342; 0,01914
 257,17;   13,482;    9,005;    0,000; 0,46118; 0,00991
 257,95;   15,384;    8,005;    0,000; 0,74488; 0,01606
 258,73;   16,428;   11,005;    0,000; 0,53615; 0,01159
 259,52;   13,250;   10,006;    0,000; 0,31480; 0,00683
 260,30;   14,081;    9,006;    0,000; 0,48434; 0,01054
 261,08;   15,134;   11,006;    0,000; 0,38965; 0,00850
 261,86;   14,107;   11,006;    0,000; 0,28896; 0,00632
 262,64;   15,018;    6,006;    0,000; 0,83223; 0,01827
 263,43;   14,018;   12,006;    0,000; 0,18449; 0,00406
 264,21;   15,903;   11,006;    0,000; 0,44550; 0,00984
 264,99;   15,680;   10,006;    0,000; 0,51281; 0,01136
 265,77;   13,814;    7,006;    0,000; 0,61387; 0,01364
 266,55;   11,671;    7,006;    0,000; 0,42031; 0,00936
 267,34;   14,644;    7,006;    0,000; 0,68611; 0,01533
 268,12;   15,662;    9,006;    0,000; 0,59846; 0,01341
 268,90;   12,537;   10,006;    0,000; 0,22804; 0,00513
 269,68;   12,466;   10,006;    0,000; 0,22191; 0,00500
 270,46;   10,341;   11,006;    0,000;-0,06001;-0,00136
 271,24;   15,368;   10,006;    0,000; 0,48434; 0,01098
 272,02;   15,306;    8,006;    0,000; 0,65971; 0,01500
 272,81;   15,244;    8,006;    0,000; 0,65305; 0,01489
 273,59;   14,244;    9,006;    0,000; 0,47369; 0,01083
 274,37;   13,083;   10,006;    0,000; 0,27810; 0,00638
 275,15;   14,261;   10,006;    0,000; 0,38311; 0,00881
 275,93;   13,306;   12,006;    0,000; 0,11698; 0,00270
 276,71;   16,119;    9,006;    0,000; 0,63837; 0,01476
 277,49;   12,950;    8,006;    0,000; 0,44108; 0,01023
 278,27;   16,994;    9,006;    0,000; 0,71074; 0,01653
 279,06;   18,030;    6,006;    0,000; 1,06600; 0,02486
 279,84;   17,976;    6,006;    0,000; 1,05806; 0,02475
 280,62;   17,941;    6,006;    0,000; 1,05095; 0,02465
 281,40;   23,021;   10,006;    0,000; 1,14400; 0,02691
 282,18;   25,878;    8,006;    0,000; 1,56869; 0,03700
 282,96;   25,932;    7,006;    0,000; 1,65887; 0,03923
 283,74;   26,718;    8,006;    0,000; 1,64505; 0,03901
 284,52;   26,843;    7,006;    0,000; 1,75064; 0,04163
 285,30;   33,825;    5,006;    0,000; 2,56459; 0,06115
 286,08;   35,638;    6,006;    0,000; 2,66130; 0,06363
 286,86;   42,807;    7,006;    0,000; 3,25228; 0,07798
 287,65;   48,620;    5,006;    0,000; 4,01547; 0,09654
 288,43;   49,620;    8,006;    0,000; 3,88551; 0,09366
 289,21;   56,558;    9,006;    0,000; 4,50081; 0,10879
 289,99;   62,415;    8,006;    0,000; 5,21589; 0,12642
 290,77;   67,469;    5,006;    0,000; 6,07065; 0,14753
 291,55;   76,522;    6,006;    0,000; 6,94896; 0,16933
 292,33;   74,406;    7,006;    0,000; 6,70312; 0,16377
 293,11;   89,415;    8,006;    0,000; 8,14897; 0,19963
 293,89;   88,353;    6,007;    0,000; 8,28216; 0,20343
 294,67;  101,489;    9,007;    0,000; 9,30984; 0,22928
 295,45;  105,302;    6,007;    0,000; 9,98716; 0,24661
 296,23;  108,631;   10,007;    0,000; 9,85171; 0,24391
 297,01;  123,801;    8,007;    0,000;11,47153; 0,28476
 297,79;  125,783;    8,007;    0,000;11,52501; 0,28684
 298,57;  136,059;    8,007;    0,000;12,31745; 0,30737
 299,35;  151,086;   10,007;    0,000;13,33478; 0,33363
 300,13;  161,032;    9,007;    0,000;14,10352; 0,35378
 300,91;  170,282;    9,007;    0,000;14,69159; 0,36949
 301,69;  183,193;    5,007;    0,000;15,93441; 0,40178
 302,47;  185,166;    9,007;    0,000;15,45177; 0,39062
 303,25;  212,014;    8,007;    0,000;17,59540; 0,44596
 304,03;  219,587;    7,007;    0,000;18,03923; 0,45838
 304,81;  233,436;    9,007;    0,000;18,73795; 0,47736
 305,59;  243,168;    9,007;    0,000;19,23493; 0,49127
 306,37;  260,346;    8,007;    0,000;20,40164; 0,52240
 307,15;  281,355;   10,007;    0,000;21,61904; 0,55498
 307,93;  289,910;   11,007;    0,000;21,85188; 0,56238
 308,71;  307,198;    9,008;    0,000;22,96567; 0,59254
 309,49;  322,848;   11,007;    0,000;23,67122; 0,61229
 310,27;  330,937;   11,007;    0,000;23,86003; 0,61873
 311,05;  352,892;   11,007;    0,000;25,11503; 0,65291
 311,83;  366,981;   11,007;    0,000;25,87114; 0,67425
 312,60;  390,963;    8,007;    0,000;27,35648; 0,71474
 313,38;  409,061;   11,007;    0,000;28,09733; 0,73593
 314,16;  422,177;    9,007;    0,000;28,80939; 0,75645
 314,94;  439,142;   10,007;    0,000;29,58302; 0,77869
 315,72;  451,204;    8,007;    0,000;30,15682; 0,79576
 316,50;  480,061;   11,007;    0,000;31,72088; 0,83910
 317,28;  497,382;   12,007;    0,000;32,59102; 0,86424
 318,06;  509,240;    7,007;    0,000;33,63843; 0,89420
 318,84;  515,320;   10,007;    0,000;34,04390; 0,90720
 319,62;  516,427;   12,007;    0,000;34,11942; 0,91143
 320,40;  525,044;   10,007;    0,000;35,03090; 0,93806
 321,17;  537,162;   10,008;    0,000;36,17640; 0,97109
 321,95;  557,759;   10,007;    0,000;37,73451; 1,01537
 322,73;  574,106;   12,007;    0,000;38,80653; 1,04674
 323,51;  579,364;   10,007;    0,000;39,32577; 1,06331
 324,29;  601,409;    7,007;    0,000;41,03976; 1,11232
 325,07;  608,596;   10,007;    0,000;41,29618; 1,12196
 325,85;  614,436;   11,007;    0,000;41,59924; 1,13290
 326,63;  629,311;    9,007;    0,000;42,69812; 1,16561
 327,40;  643,302;    9,007;    0,000;43,58132; 1,19255
 328,18;  660,525;    9,007;    0,000;44,69939; 1,22606
 328,96;  673,444;    8,007;    0,000;45,61913; 1,25425
 329,74;  690,400;    8,007;    0,000;46,70483; 1,28714
 330,52;  696,400;    7,007;    0,000;47,16646; 1,30293
 331,30;  712,480;    8,007;    0,000;47,89526; 1,32618
 332,07;  727,427;   11,007;    0,000;48,65198; 1,35030
 332,85;  741,507;    9,007;    0,000;49,58212; 1,37934
 333,63;  749,427;    8,007;    0,000;50,16281; 1,39875
 334,41;  769,436;    8,007;    0,000;51,32546; 1,43451
 335,19;  768,551;    6,007;    0,000;51,22628; 1,43507
 335,96;  786,436;    8,007;    0,000;52,20802; 1,46597
 336,74;  804,525;    5,007;    0,000;53,58652; 1,50816
 337,52;  804,427;    9,007;    0,000;53,51268; 1,50956
 338,30;  821,364;    6,007;    0,000;54,78328; 1,54897
 339,08;  835,649;    7,007;    0,000;55,42537; 1,57073
 339,85;  847,436;    7,007;    0,000;55,67188; 1,58133
 340,63;  854,516;    6,007;    0,000;55,67420; 1,58502
 341,41;  872,400;    8,007;    0,000;56,35425; 1,60804
 342,19;  875,525;    9,007;    0,000;55,96394; 1,60054
 342,97;  873,480;    7,007;    0,000;55,67011; 1,59576
 343,74;  895,640;    4,007;    0,000;56,81625; 1,63230
 344,52;  893,311;    7,007;    0,000;56,04718; 1,61385
 345,30;  894,489;    7,007;    0,000;55,76677; 1,60940
 346,08;  904,507;    9,007;    0,000;55,97541; 1,61906
 346,85;  910,453;    6,007;    0,000;56,14563; 1,62763
 347,63;  925,685;    9,007;    0,000;56,43460; 1,63967
 348,41;  931,560;    7,007;    0,000;56,70314; 1,65116
 349,19;  941,489;    6,007;    0,000;57,15139; 1,66793
 349,96;  933,703;    7,007;    0,000;56,14748; 1,64227
 350,74;  948,658;   10,007;    0,000;56,59503; 1,65904
 351,52;  960,587;    8,007;    0,000;57,19561; 1,68036
 352,29;  964,400;    5,007;    0,000;57,27605; 1,68645
 353,07;  972,373;    8,007;    0,000;57,49330; 1,69658
 353,85;  991,605;    7,007;    0,000;58,43055; 1,72803
 354,63;  979,685;    8,007;    0,000;57,36106; 1,70013
 355,40; 1001,614;   10,007;    0,000;58,31496; 1,73219
 356,18;  989,480;   10,007;    0,000;57,24616; 1,70416
 356,96; 1001,560;    9,007;    0,000;57,77507; 1,72365
 357,73; 1015,596;    9,007;    0,000;58,23440; 1,74114
 358,51; 1020,551;   10,007;    0,000;58,22759; 1,74471
 359,29; 1012,649;    7,007;    0,000;57,64174; 1,73090
 360,06; 1009,756;   12,007;    0,000;56,83928; 1,71049
 360,84; 1036,587;   10,007;    0,000;58,18780; 1,75485
 361,62; 1025,738;   12,007;    0,000;57,26219; 1,73066
 362,39; 1048,685;   10,007;    0,000;58,21638; 1,76327
 363,17; 1037,587;    9,007;    0,000;57,19621; 1,73609
 363,95; 1064,676;   11,007;    0,000;58,33402; 1,77441
 364,72; 1056,631;    8,007;    0,000;57,46846; 1,75181
 365,50; 1069,685;   10,007;    0,000;57,70932; 1,76290
 366,28; 1066,836;   10,007;    0,000;57,01312; 1,74533
 367,05; 1074,631;   10,007;    0,000;56,62828; 1,73722
 367,83; 1077,899;    9,007;    0,000;56,44443; 1,73524
 368,60; 1099,908;   12,007;    0,000;57,08565; 1,75866
 369,38; 1118,721;    9,007;    0,000;57,80793; 1,78466
 370,16; 1127,756;   10,007;    0,000;58,01464; 1,79481
 370,93; 1144,988;   10,007;    0,000;58,62708; 1,81756
 371,71; 1140,890;   11,007;    0,000;58,02520; 1,80266
 372,49; 1165,845;   10,007;    0,000;59,63470; 1,85653
 373,26; 1169,979;   12,007;    0,000;59,62833; 1,86020
 374,04; 1163,863;    9,007;    0,000;59,42950; 1,85785
 374,81; 1181,925;    9,007;    0,000;60,33989; 1,89022
 375,59; 1191,872;   10,007;    0,000;60,67656; 1,90471
 376,36; 1199,952;    8,007;    0,000;60,90751; 1,91590
 377,14; 1218,006;    9,007;    0,000;61,62404; 1,94244
 377,92; 1223,845;   10,007;    0,000;61,51808; 1,94309
 378,69; 1235,988;    7,007;    0,000;61,82198; 1,95669
 379,47; 1259,925;    9,007;    0,000;62,55576; 1,98397
 380,24; 1281,068;   11,007;    0,000;63,08448; 2,00483
 381,02; 1292,961;    7,007;    0,000;63,57852; 2,02465
 381,79; 1316,077;    7,007;    0,000;64,31710; 2,05234
 382,57; 1327,157;    7,007;    0,000;64,44353; 2,06055
 383,35; 1347,166;   12,007;    0,000;64,87445; 2,07854
 384,12; 1351,006;    9,007;    0,000;64,94110; 2,08488
 384,90; 1371,237;    8,007;    0,000;65,59749; 2,11020
 385,67; 1381,157;    9,007;    0,000;65,81113; 2,12134
 386,45; 1377,103;    7,007;    0,000;65,51796; 2,11614
 387,22; 1400,121;    8,007;    0,000;66,38434; 2,14842
 388,00; 1400,219;    8,007;    0,000;66,12846; 2,14442
 388,77; 1422,184;    7,007;    0,000;66,92171; 2,17448
 389,55; 1438,335;    8,007;    0,000;67,42109; 2,19507
 390,32; 1452,344;    9,007;    0,000;67,81518; 2,21230
 391,10; 1491,201;    8,007;    0,000;69,57409; 2,27418
 391,87; 1505,273;    3,007;    0,000;70,24630; 2,30071
 392,65; 1522,397;    6,006;    0,000;70,59531; 2,31671
 393,42; 1543,380;    6,006;    0,000;71,30781; 2,34471
 394,20; 1562,246;    6,007;    0,000;71,99830; 2,37208
 394,97; 1590,246;    7,007;    0,000;73,01095; 2,41017
 395,75; 1622,237;    6,007;    0,000;74,42323; 2,46161
 396,52; 1667,397;    6,006;    0,000;76,15046; 2,52367
 397,30; 1727,460;   10,006;    0,000;78,42163; 2,60401
 398,07; 1733,326;    8,007;    0,000;78,75120; 2,62005
 398,84; 1751,353;    5,007;    0,000;79,40640; 2,64699
 399,62; 1726,442;   10,006;    0,000;77,73380; 2,59627
 400,39; 1714,424;    9,006;    0,000;77,10112; 2,58013
 401,17; 1684,353;    6,007;    0,000;75,74726; 2,53972
 401,94; 1676,620;    7,006;    0,000;75,08862; 2,52250
 402,72; 1669,380;    7,006;    0,000;74,67419; 2,51341
 403,49; 1677,460;    8,006;    0,000;74,84765; 2,52409
 404,26; 1699,629;   10,006;    0,000;75,60861; 2,55465
 405,04; 1685,558;    8,006;    0,000;74,94347; 2,53702
 405,81; 1716,504;    9,006;    0,000;76,25141; 2,58623
 406,59; 1715,593;    7,006;    0,000;76,23918; 2,59075
 407,36; 1737,700;    8,006;    0,000;77,15632; 2,62691
 408,13; 1736,584;    7,006;    0,000;77,26170; 2,63549
 408,91; 1771,540;    8,006;    0,000;78,73656; 2,69089
 409,68; 1792,665;   10,006;    0,000;79,55703; 2,72408
 410,46; 1783,584;    8,006;    0,000;79,26823; 2,71932
 411,23; 1780,629;    8,006;    0,000;78,95766; 2,71377
 412,00; 1811,558;   10,006;    0,000;80,13409; 2,75939
 412,78; 1833,558;    9,006;    0,000;80,89671; 2,79088
 413,55; 1836,727;    8,006;    0,000;80,76691; 2,79162
 414,32; 1826,789;    7,006;    0,000;80,02235; 2,77106
 415,10; 1841,807;   10,006;    0,000;80,27329; 2,78494
 415,87; 1839,771;   10,006;    0,000;79,97355; 2,77971
 416,65; 1844,843;   11,006;    0,000;79,87931; 2,78160
 417,42; 1852,754;   12,006;    0,000;80,05332; 2,79283
 418,19; 1857,673;   10,006;    0,000;80,17191; 2,80215
 418,97; 1911,852;   11,006;    0,000;82,27523; 2,88099
 419,74; 1956,789;   13,006;    0,000;83,92560; 2,94420
 420,51; 2000,771;    9,006;    0,000;85,81040; 3,01587
 421,29; 1988,887;    9,006;    0,000;85,09510; 2,99623
 422,06; 1985,843;    9,006;    0,000;84,85458; 2,99324
 422,83; 1943,959;    9,006;    0,000;82,80314; 2,92623
 423,60; 1950,896;   11,006;    0,000;82,95486; 2,93695
 424,38; 1944,834;   10,006;    0,000;82,58233; 2,92909
 425,15; 1961,869;    9,006;    0,000;83,20728; 2,95663
 425,92; 1944,807;   11,006;    0,000;82,35176; 2,93155
 426,70; 1966,754;   11,006;    0,000;83,13266; 2,96472
 427,47; 1974,994;    9,006;    0,000;83,44084; 2,98110
 428,24; 1986,887;    8,006;    0,000;83,89421; 3,00272
 429,01; 2001,861;   11,006;    0,000;84,27512; 3,02180
 429,79; 2000,083;   12,006;    0,000;83,98448; 3,01680
 430,56; 2007,039;   10,006;    0,000;84,24731; 3,03168
 431,33; 2020,012;    9,006;    0,000;84,67595; 3,05257
 432,10; 2018,181;    7,006;    0,000;84,58896; 3,05490
 432,88; 2042,976;   12,006;    0,000;85,31056; 3,08647
 433,65; 2050,039;   13,006;    0,000;85,46634; 3,09762
 434,42; 2033,021;   11,006;    0,000;84,71316; 3,07579
 435,19; 2049,172;    9,006;    0,000;85,23915; 3,10039
 435,97; 2072,914;   14,006;    0,000;86,01917; 3,13431
 436,74; 2084,003;   11,006;    0,000;86,49549; 3,15725
 437,51; 2122,950;    9,006;    0,000;88,02542; 3,21878
 438,28; 2177,163;    8,006;    0,000;90,17328; 3,30314
 439,06; 2201,110;    6,006;    0,000;91,14612; 3,34466
 439,83; 2210,074;   10,006;    0,000;91,21594; 3,35310
 440,60; 2198,119;    8,006;    0,000;90,58201; 3,33565
 441,37; 2198,878;    8,006;    0,000;90,64412; 3,34378
 442,14; 2186,163;    7,006;    0,000;89,95536; 3,32418
 442,92; 2194,092;    8,006;    0,000;90,10182; 3,33540
 443,69; 2181,181;    8,006;    0,000;89,45073; 3,31707
 444,46; 2191,137;    4,006;    0,000;89,93165; 3,34070
 445,23; 2197,021;    7,006;    0,000;89,92115; 3,34611
 446,00; 2225,101;    7,006;    0,000;91,02792; 3,39317
 446,77; 2220,217;   13,006;    0,000;90,50390; 3,37947
 447,55; 2196,021;    6,006;    0,000;89,78655; 3,35848
 448,32; 2217,190;    7,006;    0,000;90,42975; 3,38837
 449,09; 2304,110;    9,006;    0,000;93,81653; 3,52132
 449,86; 2512,190;    7,006;    0,000;102,36435; 3,84875
 450,63; 2676,244;    4,006;    0,000;109,13443; 4,11034
 451,40; 2651,146;    8,006;    0,000;108,04500; 4,07627
 452,17; 2574,092;    7,006;    0,000;104,93043; 3,96553
 452,95; 2554,092;   10,006;    0,000;104,06327; 3,93947
 453,72; 2472,101;    8,006;    0,000;100,74633; 3,82039
 454,49; 2407,208;    8,006;    0,000;97,96500; 3,72123
 455,26; 2392,297;    9,006;    0,000;97,22782; 3,69950
 456,03; 2415,208;    8,006;    0,000;97,98556; 3,73465
 456,80; 2454,244;    8,006;    0,000;99,30557; 3,79136
 457,57; 2573,315;    6,006;    0,000;103,94121; 3,97504
 458,34; 2641,208;    8,006;    0,000;106,15785; 4,06665
 459,11; 2690,217;   10,006;    0,000;107,68684; 4,13216
 459,88; 2637,324;    9,006;    0,000;105,09681; 4,03954
 460,66; 2640,368;    9,006;    0,000;104,66362; 4,02964
 461,43; 2716,270;    5,006;    0,000;107,38393; 4,14129
 462,20; 2914,279;    9,006;    0,000;114,37851; 4,41840
 462,97; 3116,110;    6,006;    0,000;121,86408; 4,71542
 463,74; 3264,306;   11,006;    0,000;126,90510; 4,91865
 464,51; 3203,252;    9,006;    0,000;124,15212; 4,81994
 465,28; 3109,288;    9,006;    0,000;120,09868; 4,67031
 466,05; 3048,279;    9,006;    0,000;117,44454; 4,57466
 466,82; 3268,422;    9,006;    0,000;125,81086; 4,90864
 467,59; 3769,217;    9,006;    0,000;145,18660; 5,67396
 468,36; 4115,297;   10,006;    0,000;158,43295; 6,20183
 469,13; 4079,377;    9,006;    0,000;157,02486; 6,15682
 469,90; 3809,235;    9,006;    0,000;146,64948; 5,75945
 470,67; 3518,324;   13,006;    0,000;135,29001; 5,32203
 471,44; 3290,208;   11,006;    0,000;126,52933; 4,98555
 472,21; 3152,306;   11,006;    0,000;121,22559; 4,78437
 472,98; 3263,270;    8,006;    0,000;125,62869; 4,96623
 473,75; 3440,341;   13,006;    0,000;132,11370; 5,23109
 474,52; 3296,359;   12,006;    0,000;126,63879; 5,02246
 475,29; 3049,244;   10,006;    0,000;117,10998; 4,65208
 476,06; 2849,315;   10,006;    0,000;109,41933; 4,35362
 476,83; 2723,208;   11,006;    0,000;104,46301; 4,16314
 477,60; 2663,368;   10,006;    0,000;102,10166; 4,07560
 478,37; 2681,288;    9,006;    0,000;102,76672; 4,10876
 479,14; 2681,297;   11,006;    0,000;102,62650; 4,10975
 479,91; 2748,226;   12,006;    0,000;105,11758; 4,21627
 480,68; 2913,235;   10,006;    0,000;111,36250; 4,47392
 481,45; 3090,252;    8,006;    0,000;118,21534; 4,75683
 482,22; 3163,297;   12,006;    0,000;120,75404; 4,86675
 482,99; 3171,199;   11,006;    0,000;121,06433; 4,88704
 483,76; 3135,315;    9,006;    0,000;119,61346; 4,83616
 484,53; 3047,199;    9,006;    0,000;116,14894; 4,70355
 485,30; 2968,181;   11,006;    0,000;113,03537; 4,58473
 486,06; 2871,163;    8,006;    0,000;109,28181; 4,43951
 486,83; 2803,199;   10,006;    0,000;106,52271; 4,33428
 487,60; 2731,270;   11,006;    0,000;103,71361; 4,22664
 488,37; 2711,146;   10,006;    0,000;102,85930; 4,19844
 489,14; 2706,208;   10,006;    0,000;102,59629; 4,19430
 489,91; 2705,350;    8,006;    0,000;102,52483; 4,19796
 490,68; 2737,154;    9,006;    0,000;103,59237; 4,24833
 491,45; 2873,199;    7,006;    0,000;108,79376; 4,46863
 492,22; 3090,333;    9,006;    0,000;116,87434; 4,80805
 492,98; 3178,110;    6,006;    0,000;120,17439; 4,95153
 493,75; 3111,315;    7,006;    0,000;117,51171; 4,84937
 494,52; 2963,056;   10,006;    0,000;111,77439; 4,61979
 495,29; 2852,056;   10,006;    0,000;107,46070; 4,44840
 496,06; 2765,056;    8,006;    0,000;104,20748; 4,32042
 496,83; 2737,012;    9,006;    0,000;102,98908; 4,27652
 497,60; 2713,950;   10,006;    0,000;102,03099; 4,24329
 498,36; 2677,030;    7,006;    0,000;100,68008; 4,19358
 499,13; 2662,896;   10,006;    0,000;99,95175; 4,16966
 499,90; 2675,967;    8,006;    0,000;100,47562; 4,19796
 500,67; 2642,039;    8,006;    0,000;99,15852; 4,14930
 501,44; 2653,843;    6,006;    0,000;99,66731; 4,17699
 502,21; 2649,878;    7,006;    0,000;99,45603; 4,17452
 502,97; 2679,807;    8,006;    0,000;100,59509; 4,22879
 503,74; 2677,887;    8,006;    0,000;100,54594; 4,23318
 504,51; 2690,567;    9,006;    0,000;101,00973; 4,25919
 505,28; 2688,531;    8,006;    0,000;101,01046; 4,26570
 506,05; 2632,504;    5,006;    0,000;99,06543; 4,18992
 506,81; 2626,602;    7,006;    0,000;98,67585; 4,17978
 507,58; 2632,353;   10,007;    0,000;98,74566; 4,18907
 508,35; 2635,424;    8,006;    0,000;98,85477; 4,20004
 509,12; 2641,344;    7,007;    0,000;98,89566; 4,20813
 509,88; 2632,264;    9,007;    0,000;98,44336; 4,19520
 510,65; 2640,237;    8,007;    0,000;98,63900; 4,20986
 511,42; 2641,032;   10,007;    0,000;98,60861; 4,21489
 512,19; 2628,077;    7,007;    0,000;98,03198; 4,19653
 512,95; 2666,979;    8,007;    0,000;99,20603; 4,25315
 513,72; 2662,685;    7,007;    0,000;98,94243; 4,24820
 514,49; 2701,569;    8,007;    0,000;100,28310; 4,31219
 515,26; 2667,623;    8,007;    0,000;98,86830; 4,25770
 516,02; 2697,489;   10,007;    0,000;99,83895; 4,30590
 516,79; 2707,257;   11,007;    0,000;100,06900; 4,32224
 517,56; 2691,204;    7,007;    0,000;99,57912; 4,30746
 518,33; 2688,168;    8,007;    0,000;99,35378; 4,30408
 519,09; 2683,928;   11,007;    0,000;99,02574; 4,29622
 519,86; 2699,759;    7,007;    0,000;99,75287; 4,33416
 520,63; 2702,635;   10,007;    0,000;99,57947; 4,33301
 521,39; 2683,679;   10,007;    0,000;98,87309; 4,30861
 522,16; 2694,723;    7,007;    0,000;99,35798; 4,33611
 522,93; 2678,767;   11,007;    0,000;98,60125; 4,30941
 523,69; 2676,811;    9,007;    0,000;98,59343; 4,31538
 524,46; 2681,855;   10,007;    0,000;98,76924; 4,32941
 525,23; 2693,899;   12,007;    0,000;99,11335; 4,35084
 525,99; 2678,944;   11,007;    0,000;98,53484; 4,33176
 526,76; 2685,988;   11,007;    0,000;98,82566; 4,35087
 527,53; 2668,032;   10,007;    0,000;98,07904; 4,32429
 528,29; 2693,076;   11,007;    0,000;98,95402; 4,36920
 529,06; 2689,120;   11,007;    0,000;98,79961; 4,36871
 529,83; 2677,164;    9,007;    0,000;98,41416; 4,35797
 530,59; 2685,208;   11,007;    0,000;98,65421; 4,37492
 531,36; 2674,252;   11,007;    0,000;98,17928; 4,36015
 532,12; 2689,296;   12,007;    0,000;98,67506; 4,38849
 532,89; 2686,341;   12,007;    0,000;98,56722; 4,39000
 533,66; 2667,385;   11,006;    0,000;97,89011; 4,36611
 534,42; 2677,429;   11,006;    0,000;98,20058; 4,38625
 535,19; 2705,473;   11,006;    0,000;99,20675; 4,43754
 535,95; 2678,517;   10,006;    0,000;98,35914; 4,40592
 536,72; 2674,561;   11,006;    0,000;98,20392; 4,40525
 537,49; 2666,605;   11,006;    0,000;97,92549; 4,39903
 538,25; 2659,649;   12,006;    0,000;97,57821; 4,38968
 539,02; 2682,693;   12,006;    0,000;98,36217; 4,43124
 539,78; 2657,738;   11,006;    0,000;97,38475; 4,39344
 540,55; 2696,782;   10,006;    0,000;98,67880; 4,45813
 541,31; 2678,826;   11,006;    0,000;97,85758; 4,42729
 542,08; 2716,870;   13,006;    0,000;98,95130; 4,48311
 542,85; 2706,914;   12,006;    0,000;98,38841; 4,46390
 543,61; 2721,958;   11,006;    0,000;98,65624; 4,48236
 544,38; 2738,002;   11,006;    0,000;98,85270; 4,49761
 545,14; 2718,046;    8,006;    0,000;97,79946; 4,45595
 545,91; 2765,090;   11,006;    0,000;98,81793; 4,50867
 546,67; 2784,135;   12,006;    0,000;98,77050; 4,51282
 547,44; 2790,179;   13,006;    0,000;98,26857; 4,49617
 548,20; 2805,223;    9,006;    0,000;98,26223; 4,50217
 548,97; 2806,267;   10,006;    0,000;97,62546; 4,47923
 549,73; 2810,311;    9,006;    0,000;97,25761; 4,46858
 550,50; 2850,355;   10,006;    0,000;98,19666; 4,51800
 551,26; 2841,399;   10,006;    0,000;97,75191; 4,50379
 552,03; 2841,443;    8,006;    0,000;97,90767; 4,51722
 552,79; 2825,487;    9,006;    0,000;97,43818; 4,50179
 553,56; 2849,532;    8,006;    0,000;98,60869; 4,56217
 554,32; 2836,576;    7,006;    0,000;98,49611; 4,56326
 555,09; 2818,620;    7,006;    0,000;98,24294; 4,55781
 555,85; 2810,664;    9,006;    0,000;98,30095; 4,56678
 556,62; 2787,708;    6,006;    0,000;97,87834; 4,55340
 557,38; 2777,752;    8,006;    0,000;97,78837; 4,55546
 558,14; 2771,796;    5,006;    0,000;97,97168; 4,57026
 558,91; 2758,840;    6,006;    0,000;97,76645; 4,56693
 559,67; 2750,884;    8,006;    0,000;97,65672; 4,56805
 560,44; 2744,929;    7,006;    0,000;97,73613; 4,57800
 561,20; 2725,973;    5,006;    0,000;97,34675; 4,56598
 561,97; 2717,017;   10,006;    0,000;97,02705; 4,55718
 562,73; 2714,061;    8,006;    0,000;97,15211; 4,56926
 563,49; 2701,105;    7,006;    0,000;96,89091; 4,56317
 564,26; 2706,149;    9,006;    0,000;97,14430; 4,58130
 565,02; 2677,193;    7,006;    0,000;96,29934; 4,54760
 565,79; 2689,237;   10,006;    0,000;96,79375; 4,57713
 566,55; 2659,281;    6,006;    0,000;95,99682; 4,54557
 567,31; 2674,326;    9,005;    0,000;96,54501; 4,57770
 568,08; 2689,370;    8,005;    0,000;97,30346; 4,61987
 568,84; 2650,414;    9,005;    0,000;96,03936; 4,56598
 569,60; 2662,458;    9,005;    0,000;96,57148; 4,59744
 570,37; 2666,502;   10,005;    0,000;96,83616; 4,61622
 571,13; 2670,546;    9,005;    0,000;97,07927; 4,63401
 571,90; 2644,590;   11,005;    0,000;96,13420; 4,59503
 572,66; 2652,634;    8,005;    0,000;96,63435; 4,62510
 573,42; 2670,678;   10,005;    0,000;97,18906; 4,65785
 574,19; 2647,722;   11,005;    0,000;96,28215; 4,62053
 574,95; 2672,767;   10,005;    0,000;97,14140; 4,66796
 575,71; 2674,811;   11,005;    0,000;96,96193; 4,66552
 576,48; 2671,855;    8,005;    0,000;96,80236; 4,66402
 577,24; 2659,899;   10,005;    0,000;96,16297; 4,63935
 578,00; 2667,943;   10,005;    0,000;96,38767; 4,65633
 578,76; 2647,987;   12,005;    0,000;95,57563; 4,62320
 579,53; 2669,031;   13,005;    0,000;96,26674; 4,66277
 580,29; 2674,075;   11,005;    0,000;96,65270; 4,68763
 581,05; 2675,119;   11,005;    0,000;96,80810; 4,70134
 581,82; 2646,164;   11,005;    0,000;95,88033; 4,66239
 582,58; 2664,208;   10,005;    0,000;96,68595; 4,70773
 583,34; 2672,252;   10,005;    0,000;97,08179; 4,73320
 584,10; 2675,296;   10,005;    0,000;97,26235; 4,74820
 584,87; 2662,340;   11,005;    0,000;96,88969; 4,73618
 585,63; 2700,384;   10,005;    0,000;98,38821; 4,81570
 586,39; 2687,428;   13,005;    0,000;97,88946; 4,79753
 587,15; 2688,472;   12,005;    0,000;98,04429; 4,81136
 587,92; 2688,516;   11,005;    0,000;98,14774; 4,82270
 588,68; 2690,561;   11,005;    0,000;98,28901; 4,83590
 589,44; 2681,605;   10,005;    0,000;98,02391; 4,82910
 590,20; 2672,649;    8,005;    0,000;97,91026; 4,82974
 590,97; 2680,693;   10,005;    0,000;98,25596; 4,85305
 591,73; 2657,737;   10,005;    0,000;97,46706; 4,82029
 592,49; 2649,781;   12,005;    0,000;97,21569; 4,81405
 593,25; 2642,825;    8,005;    0,000;97,18293; 4,81862
 594,01; 2632,869;   11,005;    0,000;96,76618; 4,80412
 594,78; 2605,913;    9,005;    0,000;95,92927; 4,76868
 595,54; 2593,958;    8,005;    0,000;95,61803; 4,75929
 596,30; 2557,002;   10,005;    0,000;94,27439; 4,69842
 597,06; 2553,046;    7,005;    0,000;94,29580; 4,70549
 597,82; 2521,090;   10,005;    0,000;93,17176; 4,65533
 598,58; 2512,134;    9,005;    0,000;93,01667; 4,65350
 599,35; 2492,178;    8,005;    0,000;92,37660; 4,62736
 600,11; 2471,222;    8,005;    0,000;91,68879; 4,59874
 600,87; 2462,266;   10,004;    0,000;91,38443; 4,58929
 601,63; 2458,310;    8,004;    0,000;91,33802; 4,59277
 602,39; 2444,355;    8,004;    0,000;90,93356; 4,57822
 603,15; 2438,399;    8,004;    0,000;90,83496; 4,57904
 603,91; 2434,443;    8,004;    0,000;90,75484; 4,58077
 604,68; 2399,487;   11,004;    0,000;89,44945; 4,52057
 605,44; 2393,531;    7,004;    0,000;89,41889; 4,52472
 606,20; 2412,575;    8,004;    0,000;90,17160; 4,56854
 606,96; 2407,619;    8,004;    0,000;90,04993; 4,56811
 607,72; 2403,663;   10,004;    0,000;89,90681; 4,56656
 608,48; 2374,707;    8,004;    0,000;88,95190; 4,52372
 609,24; 2388,752;    8,004;    0,000;89,48992; 4,55677
 610,00; 2381,796;   11,004;    0,000;89,16770; 4,54603
 610,76; 2375,840;   11,004;    0,000;89,00571; 4,54343
 611,52; 2407,884;   10,004;    0,000;90,23660; 4,61200
 612,28; 2416,928;   13,004;    0,000;90,56036; 4,63431
 613,04; 2435,972;    9,004;    0,000;91,49096; 4,68775
 613,81; 2438,016;   10,004;    0,000;91,56691; 4,69746
 614,57; 2461,060;   11,004;    0,000;92,42412; 4,74731
 615,33; 2445,104;    8,004;    0,000;91,99831; 4,73129
 616,09; 2468,149;    8,004;    0,000;92,94072; 4,78566
 616,85; 2503,193;   11,004;    0,000;94,23145; 4,85811
 617,61; 2496,237;    9,004;    0,000;94,07296; 4,85591
 618,37; 2511,281;   10,004;    0,000;94,69402; 4,89399
 619,13; 2532,325;    7,004;    0,000;95,68355; 4,95121
 619,89; 2538,369;    8,004;    0,000;95,97662; 4,97247
 620,65; 2547,413;    8,004;    0,000;96,43361; 5,00227
 621,41; 2567,457;   10,004;    0,000;97,18219; 5,04728
 622,17; 2557,501;   11,004;    0,000;96,86317; 5,03686
 622,93; 2556,546;   10,004;    0,000;97,01022; 5,05067
 623,69; 2541,590;   10,004;    0,000;96,52542; 5,03156
 624,45; 2518,634;   11,004;    0,000;95,69882; 4,99455
 625,21; 2491,678;   11,004;    0,000;94,77193; 4,95219
 625,97; 2471,722;   13,004;    0,000;94,06857; 4,92141
 626,73; 2457,766;   11,004;    0,000;93,65986; 4,90597
 627,49; 2431,810;   11,004;    0,000;92,76067; 4,86476
 628,25; 2428,854;   13,004;    0,000;92,67104; 4,86594
 629,00; 2389,898;   11,004;    0,000;91,33788; 4,80174
 629,76; 2401,942;   10,004;    0,000;91,90450; 4,83736
 630,52; 2378,987;   11,004;    0,000;91,08435; 4,79997
 631,28; 2411,031;   12,004;    0,000;92,40167; 4,87526
 632,04; 2406,075;   10,004;    0,000;92,40856; 4,88148
 632,80; 2395,119;   10,004;    0,000;92,13602; 4,87293
 633,56; 2404,163;   10,004;    0,000;92,67742; 4,90745
 634,32; 2383,207;   11,003;    0,000;91,92882; 4,87364
 635,08; 2364,251;   11,003;    0,000;91,34391; 4,84843
 635,84; 2356,295;   11,003;    0,000;91,18584; 4,84582
 636,60; 2339,339;   12,003;    0,000;90,57348; 4,81902
 637,36; 2303,384;    9,003;    0,000;89,43189; 4,76395
 638,11; 2288,428;   11,003;    0,000;88,88106; 4,74025
 638,87; 2267,472;   10,003;    0,000;88,20629; 4,70986
 639,63; 2241,516;   12,003;    0,000;87,18236; 4,66071
 640,39; 2234,560;   10,003;    0,000;87,11022; 4,66238
 641,15; 2221,604;   10,003;    0,000;86,63733; 4,64256
 641,91; 2210,648;   10,003;    0,000;86,33243; 4,63169
 642,67; 2203,692;   10,003;    0,000;86,15566; 4,62767
 643,42; 2193,736;   11,003;    0,000;85,81837; 4,61499
 644,18; 2199,781;   10,003;    0,000;86,21205; 4,64163
 644,94; 2191,825;   13,003;    0,000;85,89004; 4,62974
 645,70; 2205,869;   11,003;    0,000;86,62382; 4,67478
 646,46; 2219,913;   10,003;    0,000;87,32468; 4,71813
 647,21; 2265,957;   11,003;    0,000;89,17690; 4,82386
 647,97; 2324,001;    9,003;    0,000;91,67660; 4,96488
 648,73; 2340,045;    9,003;    0,000;92,48993; 5,01479
 649,49; 2362,089;   10,003;    0,000;93,46492; 5,07358
 650,25; 2367,133;    8,003;    0,000;93,91442; 5,10392
 651,00; 2330,178;   10,003;    0,000;92,57522; 5,03701
 651,76; 2298,222;    5,003;    0,000;91,56298; 4,98773
 652,52; 2241,266;    7,003;    0,000;89,36785; 4,87381
 653,28; 2213,310;   10,003;    0,000;88,29929; 4,82113
 654,04; 2166,354;    9,003;    0,000;86,61314; 4,73455
 654,79; 2134,398;    8,003;    0,000;85,45920; 4,67688
 655,55; 2119,442;    8,003;    0,000;85,01358; 4,65788
 656,31; 2120,486;    8,003;    0,000;85,14307; 4,67036
 657,07; 2097,530;    8,003;    0,000;84,33626; 4,63145
 657,82; 2079,575;    6,003;    0,000;83,80922; 4,60781
 658,58; 2083,619;    6,003;    0,000;84,09167; 4,62866
 659,34; 2066,663;    7,003;    0,000;83,49088; 4,60087
 660,09; 2074,707;    8,003;    0,000;83,93940; 4,63090
 660,85; 2068,751;    9,003;    0,000;83,92474; 4,63540
 661,61; 2073,795;    7,003;    0,000;84,50564; 4,67283
 662,37; 2062,839;    6,003;    0,000;84,41739; 4,67330
 663,12; 2062,883;    9,003;    0,000;84,71163; 4,69494
 663,88; 2042,927;    9,003;    0,000;84,05740; 4,66400
 664,64; 2071,972;    7,003;    0,000;85,29737; 4,73820
 665,39; 2068,016;    7,003;    0,000;85,17577; 4,73683
 666,15; 2102,060;    8,003;    0,000;86,33519; 4,80677
 666,91; 2108,104;    8,003;    0,000;86,31791; 4,81127
 667,66; 2130,148;    9,002;    0,000;86,86102; 4,84703
 668,42; 2149,192;    8,002;    0,000;87,38936; 4,88204
 669,18; 2179,236;    9,002;    0,000;88,16978; 4,93121
 669,93; 2200,280;    8,002;    0,000;88,73700; 4,96855
 670,69; 2174,324;   10,002;    0,000;87,39770; 4,89908
 671,44; 2180,369;   10,002;    0,000;87,52192; 4,91158
 672,20; 2203,413;   11,002;    0,000;88,31174; 4,96148
 672,96; 2181,457;    9,002;    0,000;87,60683; 4,92742
 673,71; 2183,501;    8,002;    0,000;87,84225; 4,94621
 674,47; 2207,545;   12,002;    0,000;88,64864; 4,99722
 675,23; 2210,589;   10,002;    0,000;88,75216; 5,00866
 675,98; 2197,633;   11,002;    0,000;88,00163; 4,97186
 676,74; 2213,677;    8,002;    0,000;88,44692; 5,00261
 677,49; 2216,721;    7,002;    0,000;88,03444; 4,98484
 678,25; 2215,765;    7,002;    0,000;87,48131; 4,95905
 679,00; 2201,810;    9,002;    0,000;86,31775; 4,89854
 679,76; 2199,854;   12,002;    0,000;85,54645; 4,86017
 680,52; 2207,898;   11,002;    0,000;85,41914; 4,85833
 681,27; 2209,942;   11,002;    0,000;85,25153; 4,85418
 682,03; 2265,986;   12,002;    0,000;87,33644; 4,97841
 682,78; 2397,030;   12,002;    0,000;92,43986; 5,27516
 683,54; 2470,074;   10,002;    0,000;95,67152; 5,46561
 684,29; 2509,118;   10,002;    0,000;97,75046; 5,59055
 685,05; 2490,162;   12,002;    0,000;97,56065; 5,58586
 685,80; 2449,207;   10,002;    0,000;96,62977; 5,53866
 686,56; 2451,251;   11,002;    0,000;97,37852; 5,58772
 687,31; 2416,295;   10,002;    0,000;96,83596; 5,56270
 688,07; 2461,339;   11,002;    0,000;99,30229; 5,71064
 688,82; 2527,383;    9,002;    0,000;102,61390; 5,90756
 689,58; 2564,427;   11,002;    0,000;104,55204; 6,02574
 690,33; 2562,471;   11,002;    0,000;105,02432; 6,05958
 691,09; 2549,515;   11,002;    0,000;104,90090; 6,05908
 691,84; 2476,559;   10,002;    0,000;102,22454; 5,91094
 692,60; 2376,604;   10,002;    0,000;98,46196; 5,69959
 693,35; 2312,648;   10,002;    0,000;96,27385; 5,57900
 694,11; 2200,692;   11,002;    0,000;91,91651; 5,33229
 694,86; 2138,736;   11,002;    0,000;89,65504; 5,20675
 695,62; 2062,780;   12,002;    0,000;86,85135; 5,04940
 696,37; 2000,824;   10,002;    0,000;84,67892; 4,92844
 697,12; 1972,868;    9,002;    0,000;83,82174; 4,88384
 697,88; 1946,912;   10,002;    0,000;82,88863; 4,83469
 698,63; 1937,956;    9,002;    0,000;82,85950; 4,83822
 699,39; 1915,001;   11,002;    0,000;82,10954; 4,79960
 700,14; 1919,045;    7,002;    0,000;82,60752; 4,83392
 700,90; 1910,089;    7,001;    0,000;82,41300; 4,82773
 701,65; 1861,133;    9,001;    0,000;80,45870; 4,71832
 702,40; 1826,177;   10,001;    0,000;79,12154; 4,64489
 703,16; 1804,221;    8,001;    0,000;78,38294; 4,60647
 703,91; 1789,265;    9,001;    0,000;77,81021; 4,57771
 704,67; 1751,309;   10,001;    0,000;76,38143; 4,49847
 705,42; 1739,353;    6,001;    0,000;76,20761; 4,49303
 706,17; 1720,398;    9,001;    0,000;75,30043; 4,44429
 706,93; 1740,442;    8,001;    0,000;76,35034; 4,51106
 707,68; 1731,486;    9,001;    0,000;76,19486; 4,50667
 708,43; 1757,530;    7,001;    0,000;77,58198; 4,59360
 709,19; 1807,574;    8,001;    0,000;79,77445; 4,72844
 709,94; 1849,618;   10,001;    0,000;81,64429; 4,84441
 710,69; 1914,662;    8,001;    0,000;84,86322; 5,04075
 711,45; 2005,706;    8,001;    0,000;89,13755; 5,30025
 712,20; 2117,750;    7,001;    0,000;94,16204; 5,60495
 712,95; 2197,795;    9,001;    0,000;97,69839; 5,82159
 713,71; 2237,839;    8,001;    0,000;99,75885; 5,95065
 714,46; 2258,883;    8,001;    0,000;100,93528; 6,02718
 715,21; 2236,927;    8,001;    0,000;99,89280; 5,97121
 715,96; 2164,971;    7,001;    0,000;96,75538; 5,78976
 716,72; 2084,015;    7,001;    0,000;93,38498; 5,59395
 717,47; 1997,059;    8,001;    0,000;89,66871; 5,37698
 718,22; 1901,103;    9,001;    0,000;85,35200; 5,12350
 718,98; 1869,147;    8,001;    0,000;83,93855; 5,04393
 719,73; 1812,192;    9,001;    0,000;81,54399; 4,90517
 720,48; 1738,236;    8,001;    0,000;78,41351; 4,72179
 721,23; 1696,280;    7,001;    0,000;76,60424; 4,61766
 721,99; 1663,324;    9,001;    0,000;75,01368; 4,52650
 722,74; 1627,368;    8,001;    0,000;73,50098; 4,43984
 723,49; 1604,412;    9,001;    0,000;72,61844; 4,39110
 724,24; 1594,456;    8,001;    0,000;72,31566; 4,37734
 724,99; 1586,500;   11,001;    0,000;71,81061; 4,35128
 725,75; 1603,544;    6,001;    0,000;72,78291; 4,41477
 726,50; 1603,588;    9,001;    0,000;72,85362; 4,42364
 727,25; 1641,633;    9,001;    0,000;74,77044; 4,54473
 728,00; 1709,677;    9,001;    0,000;77,86335; 4,73762
 728,75; 1753,721;    7,001;    0,000;79,96498; 4,87051
 729,51; 1791,765;   10,001;    0,000;81,76364; 4,98521
 730,26; 1807,809;    8,001;    0,000;82,84137; 5,05612
 731,01; 1840,853;   11,001;    0,000;84,32903; 5,15222
 731,76; 1893,897;   11,001;    0,000;86,70977; 5,30312
 732,51; 1935,941;   10,001;    0,000;88,79452; 5,43620
 733,26; 1992,985;   11,001;    0,000;91,67542; 5,61833
 734,02; 1996,030;   10,000;    0,000;92,09947; 5,65010
 734,77; 1929,074;   11,000;    0,000;88,94072; 5,46191
 735,52; 1817,118;   10,000;    0,000;83,80938; 5,15205
 736,27; 1685,162;   11,000;    0,000;77,79645; 4,78730
 737,02; 1606,206;    9,000;    0,000;74,51130; 4,58982
 737,77; 1576,250;   11,000;    0,000;73,08946; 4,50683
 738,52; 1576,294;   11,000;    0,000;73,08698; 4,51126
 739,27; 1576,338;   12,000;    0,000;73,18428; 4,52186
 740,03; 1624,382;   11,000;    0,000;75,82678; 4,68989
 740,78; 1688,427;   13,000;    0,000;79,00860; 4,89165
 741,53; 1724,471;    7,000;    0,000;80,95859; 5,01746
 742,28; 1768,515;   12,000;    0,000;82,85920; 5,14045
 743,03; 1742,559;    9,000;    0,000;82,04016; 5,09479
 743,78; 1706,603;   11,000;    0,000;80,60631; 5,01080
 744,53; 1664,647;    9,000;    0,000;78,76072; 4,90101
 745,28; 1618,691;   12,000;    0,000;76,41551; 4,75987
 746,03; 1560,735;   10,000;    0,000;73,76579; 4,59945
 746,78; 1533,779;   10,000;    0,000;72,78162; 4,54265
 747,53; 1502,824;    8,000;    0,000;71,60146; 4,47348
 748,28; 1484,868;   10,000;    0,000;70,67884; 4,42027
 749,03; 1513,912;    9,000;    0,000;72,12488; 4,51523
 749,78; 1536,956;    8,000;    0,000;73,46629; 4,60381
 750,53; 1544,000;    7,000;    0,000;74,12693; 4,64986
 751,28; 1542,000;    7,000;    0,000;74,21960; 4,66032
 752,03; 1548,000;   10,000;    0,000;74,31507; 4,67097
 752,78; 1531,000;    8,000;    0,000;73,61835; 4,63180
 753,53; 1535,000;    7,000;    0,000;74,12788; 4,66850
 754,28; 1515,000;    9,000;    0,000;73,38812; 4,62651
 755,03; 1507,000;   10,000;    0,000;73,06480; 4,61071
 755,78; 1523,000;   11,000;    0,000;73,76183; 4,65931
 756,53; 1511,000;    9,000;    0,000;73,33478; 4,63693
 757,28; 1513,000;   10,000;    0,000;73,73720; 4,66700
 758,03; 1508,000;    8,000;    0,000;73,94006; 4,68447
 758,78; 1543,000;    7,000;    0,000;75,89644; 4,81317
 759,53; 1574,000;    9,000;    0,000;77,32011; 4,90830
 760,28; 1610,000;    6,000;    0,000;79,34748; 5,04197
 761,03; 1655,000;    7,000;    0,000;81,88671; 5,20844
 761,78; 1687,000;    5,000;    0,000;83,99995; 5,34812
 762,53; 1789,000;    7,000;    0,000;89,05603; 5,67560
 763,28; 2137,000;    8,000;    0,000;106,28239; 6,78011
 764,02; 2800,000;    6,000;    0,000;139,72558; 8,92231
 764,77; 3193,000;   10,000;    0,000;160,01474;10,22791
 765,52; 3040,000;   10,000;    0,000;153,03471; 9,79133
 766,27; 2682,000;    8,000;    0,000;134,88664; 8,63864
 767,02; 2268,000;    8,000;    0,000;113,84575; 7,29823
 767,77; 1945,000;    7,000;    0,000;97,88051; 6,28088
 768,52; 1748,000;    8,000;    0,000;88,31121; 5,67236
 769,27; 1594,000;    6,000;    0,000;80,91256; 5,20219
 770,01; 1519,000;    7,000;    0,000;77,08158; 4,96071
 770,76; 1461,000;    9,000;    0,000;74,00675; 4,76745
 771,51; 1432,000;    8,000;    0,000;72,77404; 4,69259
 772,26; 1381,000;    6,000;    0,000;70,69065; 4,56267
 773,01; 1320,000;    9,000;    0,000;67,67474; 4,37225
 773,76; 1310,000;    8,000;    0,000;67,19375; 4,34537
 774,50; 1276,000;    6,000;    0,000;65,51284; 4,24077
 775,25; 1247,000;    8,000;    0,000;64,12403; 4,15488
 776,00; 1212,000;    7,000;    0,000;62,75452; 4,07006
 776,75; 1191,000;    6,000;    0,000;61,96322; 4,02262
 777,50; 1176,000;   12,000;    0,000;60,84756; 3,95399
 778,24; 1171,000;   11,000;    0,000;60,60587; 3,94207
 778,99; 1145,000;   10,000;    0,000;59,54120; 3,87654
 779,74; 1141,000;    6,000;    0,000;59,92401; 3,90521
 780,49; 1133,000;   10,000;    0,000;59,53797; 3,88378
 781,24; 1132,000;    8,000;    0,000;59,55823; 3,88882
 781,98; 1163,000;   10,000;    0,000;61,00653; 3,98720
 782,73; 1159,000;   10,000;    0,000;61,00854; 3,99114
 783,48; 1162,000;    9,000;    0,000;61,67165; 4,03837
 784,23; 1166,000;   11,000;    0,000;62,11726; 4,07143
 784,97; 1140,000;   11,000;    0,000;60,66292; 3,97990
 785,72; 1146,000;   13,000;    0,000;60,75962; 3,99004
 786,47; 1134,000;   10,000;    0,000;60,34405; 3,96651
 787,21; 1152,000;   10,000;    0,000;61,67279; 4,05771
 787,96; 1213,000;    9,000;    0,000;65,51326; 4,31448
 788,71; 1357,000;   10,000;    0,000;73,52849; 4,84692
 789,46; 1504,000;   11,000;    0,000;81,28169; 5,36308
 790,20; 1524,000;    8,000;    0,000;82,45534; 5,44567
 790,95; 1476,000;   14,000;    0,000;79,91057; 5,28259
 791,70; 1384,000;    9,000;    0,000;75,78432; 5,01455
 792,44; 1284,000;   11,000;    0,000;70,61388; 4,67683
 793,19; 1219,000;   11,000;    0,000;66,93030; 4,43704
 793,94; 1165,000;   11,000;    0,000;63,80123; 4,23359
 794,68; 1164,000;    9,000;    0,000;64,06882; 4,25534
 795,43; 1172,000;    9,000;    0,000;64,98620; 4,32032
 796,18; 1230,000;   11,000;    0,000;68,55798; 4,56205
 796,92; 1314,000;   10,000;    0,000;73,31510; 4,88318
 797,67; 1425,000;    9,000;    0,000;79,10328; 5,27364
 798,41; 1460,000;    8,000;    0,000;80,48088; 5,37050
 799,16; 1450,000;    8,000;    0,000;79,81345; 5,33094
 799,91; 1419,000;   13,000;    0,000;77,98846; 5,21391
